149.44
206.89
41.24
58.51
278.83
30
160.97
92.61
30
30
46.53
94.07
83.3
694.49
92.69
183.26
290.58
76.57
127.81
21.41
115.37
103.52
32.81
127.41
44.18
162.24
62.48
114.77
60.98
158.38
270.71
202.02
39.76
151.45
597.61
19.95
23.44
229.48
60.57
59.91
358.16
14.46
102.58
103.36
84.76
66.11
575.69
166.25
176.25
63.81
83.28
300.23
719.71
25.48
122.51
15.1
117.7
102.05
192.07
249.23
152.77
170.02
729.28
285.53
167.13
62.17
31.33
396.61
78.61
19.94
261
62.21
65.41
1356.42
191.24
16.94
213.05
1481.09
43.29
92.91
25.37
160.24
524.17
79.68
140.09
1502.92
79.56
44.04
142.61
170.13
95.97
56.27
157.57
726.27
30
30.59
130.21
142.49
368.35
57.2
