137.72
184.33
31.17
48.26
268.58
0
143.93
81.06
0
0
33.33
81.76
73.08
682.77
81.69
158.11
268.85
63.69
114.16
5.05
100.97
75.19
20.05
115.43
33.51
146.43
45.89
97.92
50.97
147.08
260.16
186.17
28.56
122.96
587.6
0
12.39
217.3
49.06
44.12
336.6
3.05
81
92.68
74.16
43.36
565.37
154.41
156.89
52.97
72.51
288.13
705.95
11
109.76
1.55
99.81
90.61
181.46
228.94
140.39
159.24
704.38
274.93
156.8
48.33
20.69
380.93
66.49
9.64
249.16
50.41
53.47
1339.71
180.23
0
186.65
1469.73
27.71
81.95
9.06
143.82
501.68
68.14
127.78
1492.37
67.55
31.88
131.6
159.21
73.2
46
145.43
714.86
0
20.13
116.55
125.21
358.24
31.31
